gin
"","V1","V2","V3","V4","V5","V6","V7","V8","V9","V10","V11","V12","V13","V14","V15","V16","V17","V18","V19","V20","V21","V22","V23","V24","V25","V26","V27","V28","V29","V30","V31","V32","V33","V34","V35","V36","V37","V38","V39","V40","V41","V42","V43","V44","V45","V46","V47","V48","V49","V50","V51","V52","V53","V54","V55","V56","V57","V58","V59","V60","V61","V62","V63","V64","V65","V66","V67","V68","V69","V70","V71","V72","V73","V74","V75","V76","V77","V78","V79","V80","V81","V82","V83","V84","V85","V86","V87","V88","V89","V90","V91","V92","V93","V94","V95","V96","V97","V98","V99","V100","V101","V102","V103","V104","V105","V106","V107","V108","V109","V110","V111","V112","V113"
"1",1,0.950904233027107,0.219550453701079,0.137881955275543,0.225935440931139,0.214953704386559,0.2994961987951,0.219791736293977,0.346885922055915,0.415900464898802,-0.0635346229672146,0.0653387587197188,0.06217351265788,0.0676513403963978,0.0901675752897553,-0.164595871519076,-0.368503558436062,-0.393311521669161,-0.422922616071909,-0.237935356127192,0.158511344535498,0.0481140918940324,-0.200792918564154,-0.0263979001929725,0.157496182864668,-0.382078921142682,0.331286690806288,-0.108535032473285,-0.238608513228268,0.0253648726111574,-0.00113935832752832,0.0376579849235714,0.0505383417102095,-0.0204409816802813,0.0360719296272579,0.0361932374090419,0.0260673605820031,-0.253156525240247,0.106488953728073,0.709700615696149,0.72954969471226,-0.309991588710911,0.0376046122014986,-0.152500309473433,0.0626269631778374,-0.118048921615508,-0.0204242156138566,0.022411328395713,0.0148841960048982,0.0235164324616199,-0.0790152685859748,-0.181649732598628,-0.116369270422779,0.00627425661775224,-0.0375866321734072,-0.11791774064084,0.0795227191381608,-0.257452099926462,0.331860962431711,-0.14043204915925,0.0585696638163665,0.163429845440518,-0.165157235083106,0.10357762983813,-0.181940844798012,0.102535805145401,-0.268678257233424,0.0589413205463746,-0.160813818664784,-0.183116976056105,-0.088797379980903,-0.252992829692413,-0.0183178798228051,-0.170598818192135,-0.143473787380916,-0.218548169415716,-0.116071459520516,-0.21717177481338,-0.198867203843487,-0.0271148002522681,-0.15979616929301,-0.211967932872272,-0.254664081959065,-0.198511954270589,0.00969855707099626,-0.0217570132661712,-0.187237293552516,0.0298398967840563,0.032914964771802,0.0295560352083338,-0.114517372383349,-0.0780895846233673,-0.017949492039674,-0.17912395376429,0.0202876432118667,-0.169135414935811,-0.133767330590993,-0.151091432888227,-0.0745613533709001,0.0482137308877605,-0.158763542404897,0.0745074850945067,-0.120402526821266,-0.0470865449740664,0.0484580555006773,0.0484580555006773,0.0220086819800096,-0.0566563293674481,-0.0180369594364704,0.00906353693957234,-0.172769116850962,0.0824069451549957,-0.0839388768806519
"2",0.950904233027107,1,0.209332432138443,0.142868040853342,0.2197230194841,0.224135803904127,0.313550989664426,0.213701495152804,0.339947902323767,0.36070621156364,-0.0368744800547754,0.0677011189035495,0.067401908474535,0.0719243002215509,0.0892119490339236,-0.184202808062816,-0.427854335870268,-0.478497915127239,-0.517593798086435,-0.21937111949316,0.14169816374531,0.054710522730314,-0.172304059587229,-0.0169817668865958,0.13320609197629,-0.459775563732424,0.410673587560889,-0.0950843279853163,-0.203079404470653,0.0109160169515609,-0.0129035097706032,0.00767454129780048,0.0356156446349883,-0.0243381931295339,0.0360550634881369,0.021948593038126,0.00467873704987719,-0.305749697720011,0.0974440111869045,0.606533721319129,0.595310488164567,-0.278350224178251,0.0286015609609001,-0.118230031537339,0.0142500359986386,-0.086949110056946,-0.0199644404597657,0.0513624072394915,-0.0348415602620789,0.00801353464083995,-0.0508584952781201,-0.253158345956372,-0.154251740051621,0.0254204458115613,-0.00606968475893229,-0.0742559350740243,0.0796488213140262,-0.200317672305273,0.243903533045083,-0.0603144515288112,0.0274616954689559,0.166246577494366,-0.144266798259535,0.117853280293413,-0.174495061590176,0.0331449808055509,-0.294104258365046,0.044012274995458,-0.173149620280284,-0.208788027064025,-0.0158824590020965,-0.216195456741196,-0.0392247771712634,-0.129046492563578,-0.187874134530047,-0.242609896940775,-0.166026001750186,-0.258652423140324,-0.236779212138714,-0.0501571575329479,-0.203781426964854,-0.267329253194626,-0.243020593721564,-0.183320346941776,0.00463499397050536,-0.0132262093529496,-0.25341721172381,0.0344488816001653,0.0372881571310574,0.0341614248582036,-0.0780675966034318,-0.0993095989609323,-0.0398577686444443,-0.210440049716921,0.0382707356176509,-0.219881426291194,-0.207645321164769,-0.226111508546043,-0.118899019896915,0.0753130487929875,-0.16228332424903,0.0445042360666043,-0.171753700990616,-0.112648492665847,0.0419412227392482,0.0419412227392482,0.0299091302446384,-0.0665623528226178,-0.0255331789049954,0.0116174230058202,-0.171749481975438,0.127139064635739,-0.064762908856689
"3",0.219550453701079,0.209332432138443,1,-0.0298364111523194,-0.0153953887104734,-0.002234128535377,0.331418025294369,0.0045697738965464,0.00849371178091127,0.0947204470676245,-0.202299424744164,-0.134917635104726,-0.120221352959549,-0.129168566218702,-0.104427637337686,-0.107937503088958,-0.144266205712942,-0.0850418960512596,-0.0874419222008579,-0.0787571048360093,0.0185979591327436,0.0135361650583388,-0.0282714695114166,-0.0876438643663874,0.0984313011714762,-0.091237106864878,0.0729345682082168,-0.0441346157285126,-0.00623978208156162,0.000640727739922558,-0.00157370141718739,0.00474918574691105,0.000424210810883623,0.0910200117955072,-0.0264890977924635,0.0107164953052978,-0.0124622326717375,-0.0515893626279185,-0.0262004483430111,0.126619432841913,0.172359596064769,-0.0389477547304737,0.0239221603476045,0.0143807358970105,0.11363987040921,0.0193023686155928,0.0233232290263238,-0.0146652428797966,0.0467882034220383,0.0774229603946736,-0.0514235371241677,-0.000264354292741548,-0.0222769654291307,0.0402064883328752,-0.0195487629396444,0.00416571672577852,0.0112648846005892,-0.107638912150878,0.0393709756718352,-0.0268633396537862,-0.00931231252165478,0.0441964357871127,0.0242267695708206,0.0145348126728605,-0.0574457107835293,0.0564635953675532,-0.0058506102813905,0.0751440795537138,-0.00242503409075139,-0.0686151866349194,-0.018194322723668,-0.0594673405157774,0.143626285805384,-0.0968023497208874,-0.0222838635137729,-0.0240911222235051,0.0690167287655453,-0.059762023233123,-0.061487236107788,-0.0159412251923873,-0.0416682387306596,-0.00747168347579007,-0.000423047432018903,-0.0630772552670522,0.07591378757364,-0.00447453686326948,-0.0106596394038709,-0.0026408771484476,-0.0034616286277267,-0.00282770559526033,-0.137021686872417,0.123651895199804,0.0319770982074498,-0.00342228423338479,-0.0304431509614387,0.00992868129406623,-0.00597770668417774,-0.00582178830507045,-0.0221708437008069,0.022069980778139,-0.0743569375729289,0.0978889270607509,-0.0216960109546031,-0.00600612796483952,-0.00100753370246844,-0.00100753370246844,0.0320437230967863,-0.0425523553173126,0.0172818742543977,-0.041299095913231,-0.0499180642393035,-0.00665391806893306,-0.0664493669834399
"4",0.137881955275543,0.142868040853342,-0.0298364111523194,1,0.0120357448531776,0.0977381594506306,-0.0193415437788316,0.300538157305037,0.0735249222498441,0.1182176181803,0.0147878348796255,0.0807003596223116,0.0665377012286804,0.077567858937812,0.0903318675913702,-0.0140728531842355,-0.0625293582869019,-0.0841125076193989,-0.0919046563128787,0.056874016636929,-0.0873689050284649,-0.0649008227215023,0.0791062419266189,0.00654749049505537,0.0458861198936032,-0.0441403415153044,0.0479822297348282,0.0161019394056381,-0.167827092791536,-0.00109814786093498,0.000838687753465441,0.021490568230298,0.00657582170276662,-0.0666819273202185,0.0887561393546164,0.148156918759015,0.0040332644519488,-0.0351970449988785,0.000345010917227331,0.130029632849676,0.13764278147132,-0.0441372067459548,-0.0389719498833839,-0.0918723504504096,0.106871925563419,-0.0882037966160626,-0.0406360187008893,-0.0660699482857922,0.042823953962953,-0.0749539667697926,0.0161592771617853,-0.0653153773071622,0.0157620033549368,0.0635724070904703,0.0755477432329858,0.0667185024458763,0.0539480227557137,-0.024466748535408,0.0278040372360656,0.00239735555304009,0.0235375986833146,0.0397987817446845,-0.112965495322314,0.0141122353980897,0.0049903906117051,0.0120792602231757,-0.0534860227990948,-0.0460687357727732,0.00521740630791355,-0.0920538363786824,0.00395051631028455,-0.103344504384974,-0.0376397383644802,-0.0305312428900778,-0.0230768303155156,-0.0467189421914886,-0.0432959863394666,-0.105326389183827,-0.0958320278455642,-0.0253953946831056,-0.0569373611390832,-0.0213967529799759,-0.0722160524750276,-0.0699726555088774,0.0669532384241311,-0.000993551868669512,-0.0415256917468541,0.000985089647771808,0.00404456240903127,0.000942191887466823,-0.0586883612521885,-0.197373399934459,-0.144184351554784,-0.120087072943408,0.0535719974096049,-0.0531284109513561,-0.0387348598773227,-0.0606704285672809,0.0244184464513945,0.0924273556288692,0.0619761246615829,-0.105499538663388,0.0151045391591656,-0.015588297907033,0.00706680590455743,0.00706680590455743,0.0237630356736574,-0.0276166522343608,0.0736232031962333,0.00463713058608391,0.0149393259564607,0.0190345548880003,-0.000826775913322638
"5",0.225935440931139,0.2197230194841,-0.0153953887104734,0.0120357448531776,1,-0.0110088699022609,-0.0629930133249157,-0.0294743347896837,0.315842764923145,0.112881699883512,-0.0741580212523515,-0.0207714792252918,-0.0416867316311774,-0.0225820158346485,0.00935597781710418,-0.0107814381583597,-0.0571694547017104,-0.0880458758237505,-0.0981827810324426,-0.0250690031316839,-0.133356457827819,-0.0969959349055591,0.118904733735531,0.012864694212102,0.0409167492630795,-0.125108851085932,0.183033734648818,0.184712318896701,-0.224630053722206,-0.106197002945183,-0.0965978960145497,-0.00689400228882065,-0.0765727607111907,-0.0646657285218573,-0.025383310857703,0.0445180958798722,-0.101576414156161,-0.139835232262082,-0.0574105526694315,0.158026624858675,0.201334156417514,-0.196544120252372,0.0899632720300367,-0.0774072027961915,0.0838235923569198,-0.0552158175929836,-0.044177549391082,0.0847669917187059,-0.00593624192355516,-0.156876920074309,-0.00650083034734954,0.0321401652645275,0.0299810069356593,0.122041923451516,0.151298285580178,0.0904306377103413,-0.0871552679028547,-0.0224326280172165,0.136922522012001,-0.0553870451683869,0.113027699202699,0.0437810893220441,-0.160281652545446,0.0509853173272161,0.0072339055621786,0.0859266062521383,0.019652970807446,0.0611767097093525,0.0376738584649704,0.0312615433383765,-0.0521935570460787,0.0577961852204434,0.0473298592037788,0.035278133545231,-0.137974924673088,0.044043753439756,0.0264327334995408,0.0219750491495342,0.00853910528795893,-0.0769797012077571,-0.0193192856242789,0.0524329942645972,-0.0111939131870949,-0.226239658410964,0.135241077075501,0.0183227152602001,0.0414127546953846,-0.00303626111337143,-0.00622561974755795,-0.00332404915920618,-0.060017572209517,-0.183900636482206,-0.231968955847461,-0.0882032822228781,-0.0136418313606593,0.0087186573387243,0.0203512222466364,0.0257010423816052,0.0717024081187507,0.0252604062371038,0.0538918678931698,-0.0529163790562058,0.04903247422972,0.00940031106854352,0.0200532205055185,0.0200532205055185,-0.026344215995706,-0.023726364122399,0.113223830115589,0.000522791053652058,0.0451447171446193,0.0157167581415446,0.0828096300411541
"6",0.214953704386559,0.224135803904127,-0.002234128535377,0.0977381594506306,-0.0110088699022609,1,0.0487977461745285,0.00198049473177027,0.0384110873204732,0.268428705189525,0.083315440232767,0.110562566700043,0.0977136432157185,0.103818469029514,0.118655496658316,-0.0103181710385633,-0.0576654974231085,-0.144475174817023,-0.157811371138889,0.0510814194669005,0.00934669939004357,-0.00182163307785502,-0.0179657107787323,0.0649020268485601,-0.0206693670020643,-0.128014281970685,0.169298480077818,0.13586927240732,-0.182302847856413,0.0322485436264367,-0.0912585373781303,0.0144759146935519,-0.0206188092247645,-0.111779022248775,0.0425607145667717,0.0402315118349331,-0.0171238357060356,-0.186515439923621,0.0373003556460808,0.13783403436505,0.0909568095737271,-0.0511639937306549,0.0172575007465368,0.125002118564108,0.064967016327695,0.13344609341378,0.00026524629353217,0.0494195920870086,-0.0473838178145662,-0.133655498710574,0.0729830897667543,-0.0844449610901143,-0.00852330838763286,0.0462300257173977,0.0453158183478357,0.0274155292176357,0.035639605996043,0.134892783795262,0.00548416038092946,0.0295708090906784,0.055305612208485,0.0366529698050354,-0.110335819570902,0.0716893896998977,0.0225909896287706,0.0183065155603724,-0.0352808056439509,-0.00684197270021277,-0.0192579425843372,-0.051291733792855,0.0295936620719527,0.0160365148971156,-0.0235462715862688,0.101364628479109,-0.0858984070038686,-0.0265829999268156,-0.123110508869022,-0.0372071009237543,-0.00969160833845483,0.0305426643496843,0.0131691363259107,-0.0466571983681312,-0.0140351282223722,-0.0767350871031365,0.0775110102289649,-4.1079292992592e-05,-0.0841964229126004,0.000459754190448466,-0.00403342059942277,0.000554325811056124,-0.0266804181903502,-0.222715291778259,-0.284089911639832,-0.180439807051873,-0.00878486912342475,-0.0851536226473542,-0.0699245587418425,-0.0721901853270011,-0.0157426369032874,0.0887968304218312,0.0194717538583714,-0.0717697859640562,-0.0230978395555386,-0.0466545981409242,0.0503329748168683,0.0503329748168683,-0.0296414184756019,0.0141901876872395,0.0650644722549616,-0.00520907648612978,0.0241263133961754,0.0333964111957736,0.0362139240106122
"7",0.2994961987951,0.313550989664426,0.331418025294369,-0.0193415437788316,-0.0629930133249157,0.0487977461745285,1,-0.00857052357592664,0.0842212974158557,0.0166384745796741,-0.101293050397748,-0.0324568555376884,-0.0231053981885664,-0.0319637243426748,-0.0105508840357301,-0.0626948577753426,-0.136872906606662,-0.171654587018407,-0.184236447612989,-0.141568833511783,0.0315440215447998,-0.011352692654445,-0.0592392434021416,-0.0769522783086982,0.0861829589386118,-0.122308727411584,0.121987631450656,0.0122790374587296,0.00134358201775723,-0.00846904399231891,-0.00741625986649713,-0.00900700160365538,0.0359567113017688,-0.0635237645485785,-0.00828586023475732,-0.0443128540260529,-0.00495277639974328,-0.110254826452295,0.0258365603022947,0.175471524276517,0.21408942903311,-0.0487069016689424,0.0176209396530646,-0.00834869221375721,0.00155320071343401,-0.00264744553574245,0.0246176406771882,0.0136213671491761,0.00229812841506269,0.0706975288386755,-0.0276537271230896,-0.0359424604643136,-0.0502758625361111,0.0443808131322887,0.0206775851021266,-0.00189897663688658,-0.0191127487037348,-0.0988443071665409,0.0500168993403148,-0.00479492710981077,0.0342230699868419,0.0408406833989619,-0.0461896142217719,0.0594703945534794,-0.0816029299182855,-0.0124941744230468,-0.0600627650112347,0.0856346189766762,-0.0228046366199468,-0.0778448482592793,0.00254078518633449,-0.121974539275753,-0.00205895837329389,-0.0275307055075107,-0.0706239097849986,-0.0593550684527348,-0.0531497297083038,-0.0832410668796536,-0.0860226996120034,-0.0259980158343274,-0.0672579589149358,-0.0682535476050931,-0.039480940677284,-0.0921866371832083,0.0429946697441168,-0.00832761433208123,-0.0783362022613247,0.0141765205334126,0.0128520556894285,0.013887787129071,-0.111740985569125,0.0674673047627921,0.0602936354351497,0.0267888774713135,0.00813468419858627,-0.03773920266812,-0.0688176161981017,-0.0649535476760062,-0.0368754959235769,-0.0596519598441381,-0.0570804477983818,0.043665665753293,-0.0538615828870414,-0.0823190666875873,0.0408242802025771,0.0408242802025771,-0.0116736608503616,-0.0668472479152614,-5.73311983322699e-06,0.000957156904027501,-0.0716723140766174,0.0186511478771984,-0.0661681086599123
"8",0.219791736293977,0.213701495152804,0.0045697738965464,0.300538157305037,-0.0294743347896837,0.00198049473177027,-0.00857052357592664,1,-0.0156200610890459,0.1325061121142,0.00106210913472315,-0.014634120727092,-0.022677334501241,-0.0229867826769727,-0.0231539017408575,-0.0437708732797333,-0.0670866714921965,-0.0820280069457693,-0.085783607060473,-0.0771398443822763,0.0420851908934378,0.0204103954165628,-0.0570046825906054,-0.0795561680131563,0.130130671625308,-0.0874490814639819,0.0375939039607917,-0.13776672421689,-0.00916191410553766,0.06147064819613,0.0358125855959336,0.0592783625398684,0.0741209954476959,0.0469592871508954,0.00626888254089523,0.044436055725629,0.0674610172872033,0.00171564902752232,0.0337523840328695,0.173645176891575,0.217250164373541,-0.0698808146323436,-0.0237010804803853,-0.192358030282994,0.00416700252809992,-0.187460871668549,0.00431153905483587,-0.0728401484640499,0.0694854060043241,0.109939567985258,-0.0697150989032319,0.0313072389609058,-0.0131638916260892,-0.0539649408204318,-0.0454637936632205,-0.0416961623963562,0.0489664781288458,-0.232820639575219,0.112556960645057,-0.0658652792752979,-0.0153623792917498,0.0380017247412996,-0.00270847671687751,-0.0425396263456746,-0.063010796623777,0.0213561615329399,-0.0579237304880325,-0.0187975448665789,-0.00675666302306041,-0.0469022975128897,-0.0492798749927073,-0.169775668881997,0.0157186729410195,-0.14341737504031,0.0945216301872467,-0.0223651284220419,0.0674292323155858,-0.0520388350879472,-0.0551903989531253,0.0189377631482191,-0.00905898287051362,-0.0117144834500256,-0.0953703923954672,-0.00686018879961547,-0.0645339237448268,0.00441798338513348,0.00904119784622145,0.00854293877942554,0.00956204401281354,0.00859067184973261,-0.122352152426254,0.119921580860576,0.193120991601243,0.0552626502855758,0.0118762792891552,0.0214645690871107,0.0135334818927439,-0.00735974205619924,-0.0129668373413692,-0.0225531104053094,-0.0149374083176837,0.0288382364004029,-0.00669503216635626,-0.00887052001210643,-0.0552844530713161,-0.0552844530713161,0.0749640511423245,-0.0571531178614461,-0.0354702071446988,-0.00586378390230806,-0.0622620868838997,0.00941687862165195,-0.0663977240482389
"9",0.346885922055915,0.339947902323767,0.00849371178091127,0.0735249222498441,0.315842764923145,0.0384110873204732,0.0842212974158557,-0.0156200610890459,1,0.148276498346071,0.0846628503433939,0.231000264490346,0.223736764520138,0.227994370050241,0.243709673759009,-0.0511158401445289,-0.141721300412808,-0.115472242976086,-0.123898768470456,-0.047070799455953,-0.0258731379080995,-0.0882825845664287,-0.0117162678567435,0.0349938558036221,0.101685039999972,-0.161495417194901,0.144482702095537,-0.0326092735223063,-0.205331080011676,0.0467654475520409,0.0492416397146057,0.110163752249951,0.0526785882331338,-0.169046675466489,0.0659500059891858,0.123796319620092,0.0868022664923106,-0.0595280234700798,0.0449089280086484,0.33303241604047,0.347605614885552,-0.175809534789405,0.0743490776933464,-0.209490422881298,-0.0426269584906152,-0.192191199091004,-0.0161774982685797,0.0312699594902759,0.0483801955391523,-0.0180638980852597,-0.0272224514616564,-0.0207347068630226,0.0350235867929619,0.110471442120538,0.0755401035194925,-0.000510375815872401,0.127479280393871,-0.0580535464478587,0.182294264455424,-0.0942409485023938,0.079516562083169,0.0252811282668153,-0.127765454542058,0.0314662902799898,-0.0106549195450448,0.0144141781746198,-0.0563818332759142,0.0808008166508556,0.0214047410442527,-0.0604211759584165,-0.0775551739639487,-0.31333362763797,-0.201073885369859,0.00203874151450072,0.0454483889655984,-0.0391440528543632,-0.0667187196316979,-0.0951289697306061,-0.0744044818834296,-0.00744794544470878,-0.0247465156362569,-0.00128316755384321,-0.110884963836099,-0.0603795856315091,0.00762427525595773,-0.0134041995720786,-0.0383103630042361,0.00555072779527707,0.0122017490667177,0.00515411728014964,-0.104717465765783,-0.130935617709285,-0.0574456465474912,-0.0870050018495095,0.0182513538476108,-0.0658234671775262,-0.0481210977741392,-0.0374424720758558,0.049197111717655,-0.0250585879160878,0.0827634553665848,-0.0914330840203557,0.0256180540317532,0.0174167860592942,0.0113252164813508,0.0113252164813508,1.85839708274276e-05,-0.0467340173799011,0.0490200447262127,0.0446423684259705,0.0168825148941931,0.0125875498267438,-0.0199368876334224
"10",0.415900464898802,0.36070621156364,0.0947204470676245,0.1182176181803,0.112881699883512,0.268428705189525,0.0166384745796741,0.1325061121142,0.148276498346071,1,-0.107192066048175,0.0491014012945152,0.036888383357426,0.0497898756393245,0.071156451294442,-0.0193227546303045,-0.0480272354700924,-0.0974294553773467,-0.101882056314974,0.0101576230555615,0.0295192120299664,-0.0713121122259685,-0.0872799069591594,0.0442386680674173,0.136274417268569,-0.0834663356771144,0.0815686233049761,0.00353008994958735,-0.290792909760264,0.0451080623629162,0.00315422134225668,-0.0207710940177808,0.0716262217820369,0.0607045536281302,-0.0355017631321604,0.0495145643894514,0.014620874123355,-0.0645542923769149,-0.0587638684982058,0.345578527366184,0.444919736579356,-0.221245095216536,0.0201442830216127,-0.121667524570476,0.169496637596096,-0.0973681515621656,-0.0153287160130303,-0.0532079588930102,0.0960381033015172,-0.0412728463738968,-0.0556135313066094,0.0389678533169389,0.00375007777951062,0.0118308428289707,0.0069233541899502,-0.00662130301181915,0.00139302089469563,-0.136323669265083,0.259768009454983,-0.155386099166498,0.0685141800050051,0.0791084502560163,-0.112656107690729,-0.00877348167954181,-0.056203692408368,0.124085129188296,-0.07162765379482,0.0624182396209893,-0.00502994363382619,-0.0257628575699917,-0.124681732902749,-0.106266057139412,0.0650355045038357,-0.123838533643849,0.035848508756847,-0.00978843564797012,0.107574576399401,-0.018984785023257,-0.00365319019557274,0.0581214338603881,0.0500409882634508,-0.00905037598598441,-0.116562085925416,-0.102550328901957,0.155746185970083,-0.00302246633802634,0.0307924375486641,0.00321360987034832,0.00719275835566749,0.00318718669794431,-0.18739048159228,-0.0804488458548649,-0.0524299720573868,-0.0478371299020852,-0.0785920072911847,0.0294591368536679,-0.0058241561743525,0.0032430540887806,0.0342047078598455,0.0196497333984098,-0.00560393624108658,0.0173568260029335,0.0233958541847439,-0.0415440780436976,-0.0313353036179558,-0.0313353036179558,0.0580237704441229,-0.0720825159655041,0.0330482815621186,-0.00341759805505007,-0.0460747104125365,0.012407339416767,0.0109463528247562
"11",-0.0635346229672146,-0.0368744800547754,-0.202299424744164,0.0147878348796255,-0.0741580212523515,0.083315440232767,-0.101293050397748,0.00106210913472315,0.0846628503433939,-0.107192066048175,1,0.741791608837154,0.703272035955805,0.730758284821834,0.726073063584628,0.00720943345271637,-0.0549695489448924,0.00317796287220177,-0.00305164220926814,0.165850115397426,-0.00655519709560684,0.0279444625657186,0.042322749498925,0.193267461843181,-0.0269498653700241,-0.0642017795308079,0.144614435638228,0.244300328964341,-0.35073380018134,0.137788659544514,0.150823732014146,0.259595148998746,0.225416676792834,-0.59630645656574,-0.0346080974406082,0.0175813208308894,0.30159461725933,-0.00474003795619257,0.136833966977381,-0.0169482005117056,-0.171117433193009,0.129787323212522,0.0435245012583463,-0.00259139269995351,-0.370023763125852,-0.018214210647698,0.0343440916127069,0.147487995893842,-0.148637807186542,-0.453000762237447,0.0485602347520717,0.0037679053180629,0.190404717565997,0.212425872388387,0.197956766567434,0.177283539750781,0.138980297619215,0.482875439182995,-0.132620902856233,0.10726915877049,-0.0360147400647496,-0.095694332134245,-0.241475016299831,0.0675410106829838,0.0328695492529306,-0.293411961763862,0.186372468437814,-0.040035133686472,0.168425568271624,0.0543693415143468,0.051891478662607,-0.276608482782077,-0.758818661021519,0.564455307919931,0.182371130452679,0.17628525125427,-0.277236650093645,0.107695173757682,0.143827805715092,-0.0308897925844306,0.0986274660647444,0.154555194818139,0.129686235714956,0.233928735524418,0.0104884517215836,-0.0088516115762607,0.0633772099755204,-0.00123538678540743,0.0124830385453807,-0.0017172074222639,0.0779629873093574,-0.370371621229985,-0.258240977755742,0.00501693050823443,-0.00932663485848042,-0.0106838461273648,-0.0369217400563892,0.00598232042866842,0.142383322853707,0.11050709302511,0.121175211237774,-0.142938799601171,0.138454246751783,0.00856537575802748,0.0737441729590193,0.0737441729590193,-0.136809968875761,0.031041318640504,0.139501912356749,0.117045495023923,0.104959943975132,0.00259280130960879,0.1105620927785
"12",0.0653387587197188,0.0677011189035495,-0.134917635104726,0.0807003596223116,-0.0207714792252918,0.110562566700043,-0.0324568555376884,-0.014634120727092,0.231000264490346,0.0491014012945152,0.741791608837154,1,0.980650198494862,0.99571556245904,0.990686986431035,-0.0285417197848438,-0.0984040977034424,-0.0274443455639003,-0.0310918870273363,0.180309498992867,-0.154976467815311,-0.100322963694822,0.151962790384312,0.350632314674759,0.127744085568863,-0.104518678968991,0.192056428913724,0.269614812627437,-0.44894260709349,0.205001472840394,0.214978384821665,0.351474601314595,0.274806861492982,-0.656035044936585,-0.023075483348757,0.112522602747781,0.390168609495089,-0.0203481059833339,0.077565361825964,0.187936963133907,0.0549680834635035,0.185178732988651,0.0997718530212047,-0.122797455250161,-0.311807498601295,-0.147254512307212,0.0456910571337459,0.135020259167348,-0.0628538221067615,-0.33703171106538,0.0159148764281267,0.0817240464433117,0.275505946232809,0.243133459091664,0.216142110898622,0.172720363490536,0.262777630910129,0.554598073406473,-0.00771614392631647,0.0155403443271997,0.0907515544928926,-0.0933226360698104,-0.274925652895415,0.0700233208506969,0.0907654006341407,-0.202870272930538,0.165205027528486,0.0507492966395274,0.221346822942957,0.0830310466674511,-0.02939188454531,-0.530518103194737,-0.826288228406003,0.564411749257111,0.320203238172725,0.254429094238382,-0.200632114412882,0.162575305139118,0.221571338561759,0.0440326772505768,0.23107330536158,0.203748174593648,0.0395431101673623,0.317934357489591,-0.104685152171936,-0.0110975977172669,0.106837984869755,0.00348197570927706,0.0226732913788369,0.00280984588176202,-0.0417627307586772,-0.391632103517131,-0.21819699269098,0.00489566982687861,-0.024210078679723,0.0166438374163527,-0.0282435363688369,0.0270710707088603,0.226648322363361,0.0676072794923496,0.184716302017714,-0.162049089239736,0.222808983540884,0.00150031132258712,0.0724547554226459,0.0724547554226459,-0.0849412400710534,-0.0327918526420408,0.155798859466775,0.157522357288903,0.188537974791509,0.0047500284618187,-0.00869361864913356
"13",0.06217351265788,0.067401908474535,-0.120221352959549,0.0665377012286804,-0.0416867316311774,0.0977136432157185,-0.0231053981885664,-0.022677334501241,0.223736764520138,0.036888383357426,0.703272035955805,0.980650198494862,1,0.991544526638344,0.971442708580252,-0.0403030799014699,-0.0989838720913234,-0.0358315662298846,-0.0388435560264746,0.179416950519679,-0.117327903349038,-0.0697155816251644,0.120161268831278,0.400753304159006,0.137423346031907,-0.0973403229336479,0.157403966308663,0.187716109317367,-0.337066217070892,0.230076273031654,0.23997805628771,0.351934487082937,0.307649440418656,-0.563364164633548,0.00584502556872294,0.117755506891149,0.417300658370353,0.0193332263565596,0.0955228975668654,0.179435966916875,0.0411232688832542,0.199051365874933,0.0654826609336386,-0.124841789504365,-0.381156058434402,-0.151004157511052,0.0499846208547467,0.106779892294773,-0.0656089851577567,-0.207137991549827,0.00423079882924365,0.0534239937951895,0.259213695809416,0.222163821899954,0.186202619113643,0.161563653623798,0.301414719095399,0.556195008708292,0.00365562976423908,0.00474440356586233,0.0600342580906189,-0.108602864400843,-0.180866899250985,0.0650449840267266,0.0731566358765272,-0.196307069614176,0.154370404774903,0.0626558410044609,0.18592014020559,0.0834208882155031,-0.0305753933638106,-0.512137358756782,-0.807692367361811,0.540740587077418,0.360421746277464,0.228787566666157,-0.184933038461353,0.139740558436116,0.208085959966154,0.0496244167642045,0.221993851753095,0.167948524651753,0.0567232438754587,0.429950954070815,-0.205105283486439,-0.0116117650135482,0.08956029241196,0.00239648774327836,0.0224730759473115,0.0017211553956657,-0.0375100067330138,-0.324739397345611,-0.158174238197955,0.00775651598631445,-0.0183872898329265,-0.0125598573059435,-0.0453778104301949,0.00266643104850816,0.205942038037551,0.0759570852146167,0.170850699090116,-0.153271209905496,0.200795399034058,0.00256383876048829,0.065161376508791,0.065161376508791,-0.0602001349862314,-0.038571025939515,0.10428464053928,0.157261515189678,0.164486519708066,0.00206990286428341,-0.0504641553378177
"14",0.0676513403963978,0.0719243002215509,-0.129168566218702,0.077567858937812,-0.0225820158346485,0.103818469029514,-0.0319637243426748,-0.0229867826769727,0.227994370050241,0.0497898756393245,0.730758284821834,0.99571556245904,0.991544526638344,1,0.990091830494912,-0.0356709959007074,-0.0994548842945058,-0.0331862326379152,-0.0367264458576744,0.183294926938972,-0.141747367963162,-0.0908113043129659,0.140679868002916,0.378919057509937,0.129278547704908,-0.103010812772855,0.183521739537621,0.248712319644118,-0.422700945203822,0.216043663414991,0.226295468104209,0.348668236026743,0.288660535625771,-0.62393138239475,-0.0138914434706991,0.118293536209104,0.401173314073729,-0.00649632825928389,0.0792101408227549,0.185582647367676,0.0496535316169552,0.190488161012153,0.0888790766078026,-0.11918277697203,-0.340961389088795,-0.144211818771294,0.0483578165526896,0.130632331010288,-0.0698696984937185,-0.304873365765782,0.0100566058304721,0.0760157041234646,0.27261556407141,0.227608922031415,0.203040307376413,0.16837085025385,0.277353636251853,0.567581152920149,-0.00138506583068019,0.0103857671067386,0.0749286006404067,-0.0999024437534651,-0.244355858789172,0.0692293415998912,0.0868033572687308,-0.199662748392692,0.168809783765266,0.0517695337514057,0.214169214225666,0.0891028298891672,-0.0321114937763812,-0.514403897392155,-0.822608824459067,0.564808725602343,0.340316298132106,0.254288200744104,-0.188652072309107,0.162324715982133,0.226827550877383,0.0428776143404585,0.232142986168077,0.196160958440185,0.0533968376218133,0.370078622293987,-0.135297964212665,-0.0114031329789711,0.10834519604547,0.00320036140746001,0.0227424571883705,0.00251227852096015,-0.0366033305610252,-0.375903683701187,-0.20868777496733,0.00680810271325144,-0.0209119675388149,0.0090813282009442,-0.0325268401566043,0.0200112998401113,0.223280708313198,0.0704400798417146,0.183456681024879,-0.162275368577294,0.217982407652626,0.00268151096966822,0.0691380136858952,0.0691380136858952,-0.0757729667805008,-0.0324429441547199,0.141836189965599,0.159273940622996,0.184038420583544,0.00358799009304669,-0.0192208045318451
"15",0.0901675752897553,0.0892119490339236,-0.104427637337686,0.0903318675913702,0.00935597781710418,0.118655496658316,-0.0105508840357301,-0.0231539017408575,0.243709673759009,0.071156451294442,0.726073063584628,0.990686986431035,0.971442708580252,0.990091830494912,1,-0.0373045496775338,-0.102650922659067,-0.0349361227478781,-0.0384581812486226,0.147898453860755,-0.173793226759854,-0.121865718567879,0.164110051392985,0.347475911691492,0.127160945222139,-0.110797108224616,0.212201028822666,0.311259235067903,-0.507448565120772,0.197859959925372,0.201166082965763,0.339849040000082,0.261399673395093,-0.685552973719115,-0.0262136096384115,0.126298445620147,0.373699458988889,-0.0411003183035714,0.0632550705876854,0.216875941287087,0.0863066602114195,0.17891556966554,0.132771546690282,-0.115091269277216,-0.276453846329797,-0.138653546276101,0.0570226710998675,0.164021263821125,-0.0624043675040215,-0.379904988932523,-0.00134614397123718,0.122497418974155,0.299068086232955,0.257292744882706,0.242282652017322,0.193317497982895,0.239641492148397,0.57020250156956,0.00463241224236419,0.00638193684790693,0.120075105060047,-0.0964800495685778,-0.31516071863206,0.0863899147989489,0.10570112971793,-0.188027618691626,0.193477918191206,0.0592512602815428,0.259499122571124,0.10517132639643,-0.0447077791321312,-0.526866785280562,-0.819626762632488,0.585794457323103,0.315947249476189,0.294477638184347,-0.17801598864742,0.196635392546661,0.252119500927016,0.030900649208743,0.246665317286751,0.241249598831231,0.0519770654132202,0.287954273194447,-0.0394519039078195,-0.00992262765134111,0.139912580020705,0.00279616774648824,0.0211243732831909,0.00208015037812443,-0.0532152818827813,-0.411179910632224,-0.247957556129675,0.0186415558004644,-0.0194009037817284,0.0409959694198003,-0.00899603008412542,0.0456103892709491,0.260699338207458,0.0529678183674358,0.200402047430068,-0.161598359259411,0.251102599706686,0.00323491286876157,0.0788700358154537,0.0788700358154537,-0.0995552838322843,-0.0361841041682168,0.189041977797673,0.156042967720345,0.217455821763992,0.00715810213081296,-0.00855784569513212
"16",-0.164595871519076,-0.184202808062816,-0.107937503088958,-0.0140728531842355,-0.0107814381583597,-0.0103181710385633,-0.0626948577753426,-0.0437708732797333,-0.0511158401445289,-0.0193227546303045,0.00720943345271637,-0.0285417197848438,-0.0403030799014699,-0.0356709959007074,-0.0373045496775338,1,0.71367799292043,0.555017153339654,0.428605864537859,0.088897258457707,-0.0376480093274242,-0.0634053033906022,0.0245852146030325,0.0748151953384399,-0.0322483895970305,0.478514969494173,-0.433333829137531,0.081392181622319,0.00294986546059015,-0.0445604691503197,-0.0348649325328988,-0.0114903865365508,-0.0421750217471123,-0.00104681360076211,0.0144865442363398,-0.0364277415138982,-0.050375458181463,0.244732037015006,-0.0493510478775152,-0.124225143085027,-0.0749744629623654,0.0710755304699554,0.0541032356349198,0.0692452914953748,0.0469922611853677,0.061969744013965,0.00953573563848979,-0.061412355161776,0.14829354309333,-0.0335621574221749,0.193103161740182,0.0238970722107031,0.200457471682424,0.0400702942330692,0.0835291540701503,0.0945194765896591,-0.136995323963882,0.00373101623755621,0.13606573367693,0.520445834929347,-0.0230536648028162,-0.0884229320753238,-0.00277901781440443,-0.181942498281182,0.0487972566930685,-0.478342150260157,-0.0267199298639448,-0.022453640914004,0.0105154527125544,0.0497180045972472,0.542409379026844,0.0900705010203664,0.0492337651192837,0.0375679027341453,-0.0926534933851547,-0.000735826342131245,0.00247492724774806,0.0170020511181757,0.00314237863494184,-0.0160053481672096,-0.0201479834201929,-0.0302564873864605,-0.00644381490133707,-0.0731031094740816,0.106747935554246,0.0337021806546523,-0.0318802337938839,0.0903367128652478,0.0956289006532621,0.0893816380287436,0.0149748849007268,-0.0404495436243643,-0.0513009942488343,-0.00493649927468294,-0.0257694341348681,0.0141965771537116,-0.0205791913569637,-0.0100390063691298,0.123966975325441,-0.019978576892246,0.00851363327342098,0.00399654100770986,0.112782123587131,0.0259284279415552,0.0954467924367802,0.0954467924367802,-0.109984213373453,0.00502183122148361,0.0488014142781705,0.00247453593174632,0.0133022397584331,-0.211268848087233,0.124324713297725
"17",-0.368503558436062,-0.427854335870268,-0.144266205712942,-0.0625293582869019,-0.0571694547017104,-0.0576654974231085,-0.136872906606662,-0.0670866714921965,-0.141721300412808,-0.0480272354700924,-0.0549695489448924,-0.0984040977034424,-0.0989838720913234,-0.0994548842945058,-0.102650922659067,0.71367799292043,1,0.830812600138825,0.771925659265961,0.0970803317729749,-0.033051886678676,-0.056237177174643,0.0266341855450192,0.0490452164154584,-0.0845346460573248,0.713739503849047,-0.664768702141311,0.0670674696297992,0.0490293577739204,-0.0547980429282306,-0.00930792670174542,0.00240529505150065,-0.0356003865760149,0.0736455491571804,-0.0279947934711129,-0.0335241358863405,-0.0383600948957915,0.422941897927406,-0.0724743189187051,-0.216963960176096,-0.168507951878303,0.120118330646032,0.020572143292985,0.0505124317054812,0.0686564666069446,0.0369931929706694,-0.00523101630662021,-0.118255369792101,0.184799297957772,-0.013831862490326,0.0978286403320724,0.0872708554179717,0.212840787979022,-0.021145675025167,-0.0365322319091177,0.0120943569676658,-0.1156059101312,0.031992252780655,0.11786719881343,0.29511396992633,-0.0613092865932864,-0.143723122001503,0.0562795747567996,-0.130835439665773,0.0658723941056202,-0.254382511956631,0.079911161515735,-0.0508751745057499,0.0380613395480633,0.0647620297469233,0.29607334989807,0.159467567633598,0.117826391277099,0.00635830432664438,-0.016823298480291,0.0594804446721929,0.0859041766159225,0.0684591866536265,0.0484903413143396,-0.0185019542003705,0.0245257985657646,0.0671709357838599,0.0743609888464677,0.00219360094149789,0.0663434354531011,0.00578012059546012,0.0831668003459139,0.0843418145085458,0.0861301026652816,0.0837089865192114,0.0412164128688178,0.00157040854151096,-0.0338890808572405,0.0359487464983319,-0.0165772591018461,0.0809270252847242,0.0732194763505582,0.0751030162048031,0.157767402220916,-0.050977627643406,0.0492571309462016,-0.0131390030393398,0.163182865600637,0.112147070864922,0.0569113280332701,0.0569113280332701,-0.0792885416801077,0.0463434820476985,0.0637743043045554,-0.00220257036404773,0.0467892929203032,-0.224803128359798,0.08170122692627
"18",-0.393311521669161,-0.478497915127239,-0.0850418960512596,-0.0841125076193989,-0.0880458758237505,-0.144475174817023,-0.171654587018407,-0.0820280069457693,-0.115472242976086,-0.0974294553773467,0.00317796287220177,-0.0274443455639003,-0.0358315662298846,-0.0331862326379152,-0.0349361227478781,0.555017153339654,0.830812600138825,1,0.969567670156378,0.0543828008582875,-0.0453687901601636,-0.0644382954869319,0.0336945467057089,0.0101002736465885,-0.0265035910044382,0.782116245692143,-0.741508349340006,0.0348993071036853,0.0297943673441343,-0.029231456996219,0.038080841049062,0.054396988185287,0.00691717542665682,0.0575172464531593,-0.0338653448907823,-0.00788665724024881,0.0155658743423062,0.486991954279819,-0.0745079677230169,-0.189079849652468,-0.148981569530965,0.146751529415202,1.87168062396886e-05,-0.0291050204654326,0.0769179563013612,-0.0472786336945451,0.00999270891235189,-0.18023385820197,0.243618426958191,0.0101533712987936,0.057789422159806,0.159883500228533,0.292223090375654,-0.0241429799266798,-0.116693397255393,-0.0573869848205832,-0.0719815719602594,-0.0036681912187671,0.174027735176329,0.168969761225857,-0.0266293570586694,-0.163264078483509,0.0326818321686641,-0.137493296422754,0.0540213516259532,-0.173445226103291,0.137151135031783,-0.0445093336151041,0.0839993779377323,0.0912118921050275,0.152638884952964,0.0193820780715936,0.0499051483709121,-0.0270465924019869,0.111389115386909,0.105832278211291,0.148044545547339,0.116330890208075,0.0941749325752586,0.0188943235542558,0.0880667848794047,0.160765253668231,0.0679960830714309,0.0278582122261682,0.0197570716575054,-0.0452006932854045,0.19473211310943,0.121309973042323,0.124181925791357,0.120670673090477,-0.000152983187805936,0.0462489117526238,0.0402605451653176,0.0692348224488975,-0.0119280419967847,0.135753903863138,0.158111025416754,0.159903924602725,0.244120491862806,-0.0438624585052085,0.0631699246445059,0.0221551092449999,0.257121074156858,0.150312556608774,0.0139810978597453,0.0139810978597453,-0.0437090848767156,0.0389595558038007,0.0408792631621619,0.000708557349594822,0.0599331804500605,-0.156436283323006,0.0606908841108458
